solver:
  nSeg1: 7                       # n. di segmenti                                             <----
  nSeg2: 3                      
  nLeg: 2
  planar: false                   #
  cov_collocation_mode: 0         #1 = tiangolare (L), 2 = Simmetrica (S), 3 = Xcorr  
  E_uniform_time: true            # true | false
  E_rendezvous:   true            # true | false
  sf: 1
  
  DVstd_model: 1                  # 0 = sqrt(tr( cov(DV) )) 
                                  # 1 = max eigval
  cov_propagation:
    mode: 1  # 1                  # 0 = UT, 1 = STM                                            <----
    nSub: 10  # 10                 # Split the propagation into "nSub" arcs                     <----
  
  objective: 1                    # "1 = min DV, cstr Pf | 2 = min tr(Pf), cstr DV             (ToDO) solo 1 è implementato
  E_DV_cstr: true                 # true | false                                               <----    
  E_Pf_constraint: false           # true | false                                               <----    
  objective_std: false            # true | false                                               <----    
  E_nav_std: false                # true | false                                               <----     
  v_RV_free: true                # true | false                                               <---- 
  DV_RV_double: false             # true | false                                               <----     

mission:
  output_folder: "AFC4/"
  firstguess_folder: "AFC4/" # type "d" for default folder "results/HMS-temp", otherwise type a folder in "dbSOL/"
  muPrimary: 132712440018                     # [km^3/s^2]
  r0_dim: [43148032.1083303, 140976675.534384, -8649.81075546145]   
  v0_dim: [-29.8038212519853,	7.53688141601323,	0.640757325837063] 
  rRV_dim: [14739776.,	138648434.,	1279019.,]  
  vRV_dim: [-31.8028395271187,	1.08009643677007,	0.630056254782541]   
  rf_dim: [-70786621.,	-133919742.,	8765.] 
  vf_dim: [24.5311438651119,	-16.0811175067310,	-0.646839139605128] 
  
  tfin1:  3.408052305789995e+07   # [s] 3.408052305789995e+07 1.211254019599998e+07
  tfin2:  1.211254019599998e+07
  DVtot_max: -1.                              # [km/s]  
  DVtot_single_max: 0.05
  
  #questi sono valori sigma^2 
  sigma_r0:     0.e-5   
  sigma_v0:     0.e-6   
  sigma_rf_des: 5.e-7     
  sigma_vf_des: 5.e-8   
  sigma_rRV:    5.e-8    
  sigma_vRV:    5.e-7
  Qd_r:         0.e-6    
  Qd_v:         0.e-7     
  Qd_level: 0 # 0: null, 1: small (1e-6, 1e-7), 2: medium (5e-6, 5e-7), 3: large (1e-5, 1e-6), 4: extra large (1e-4, 1e-5), 5: extra extra large (1e-3, 1e-4)

  nav_sigma_r: 0.e-7  
  nav_sigma_v: 0.e-8  