solver:
  nSeg1:    2                       # n. di segmenti                                             
  nSeg2:    2
  nSeg3:    2   
  nSeg4:    2                   
  nLeg:     4

  sf:       1
  Max_iter: 10000
  
  E_DV_cstr:          true           # true | false                                                   
  E_Pf_constraint:    false           # true | false                                                
  E_nav_std:          false          # true | false                                                    
  v_RV_free:          true           # true | false                                                
  DV_RV_double:       false          # true | false                                                    
  Fixed_ToF_Leg:      true           # true | false                                                    
  Limited_ToF:        true           # true | false                                               
  Equal_Segment_ToF:  false           # true | false                                               

mission:
  output_folder: "AFC7/"
  firstguess_folder: "AFC9/" # type "d" for default folder "results/HMS-temp", otherwise type a folder in "dbSOL/"
  muPrimary: 132712440018                     # [km^3/s^2]
  mu_FB: 398600.4418
  SoI_R: 929000 # [km]
  r0: [-1.036860803762830E+08, -1.097048551347926E+08, 8.148040847457945E+03]   
  v0: [ 2.115894868015005E+01, -2.056183496280147E+01, 1.289253233919929E-03] 
  r0_RV1: [-1.261052092139849E+08,  1.116214642463102E+08, -7.045953307462998E+06]   
  v0_RV1: [-1.620615021768981E+01, -1.795591023797451E+01, -8.504311810030547E-01]
  r0_RV2: [-1.036860803762830E+08, -1.097048551347926E+08,  8.148040847457945E+03]   
  v0_RV2: [ 2.115894868015005E+01, -2.056183496280147E+01,  1.289253233919929E-03] 
  r0_RV3: [-3.982900893975388E+07, -1.110702396309309E+08,  1.894496316866799E+07]   
  v0_RV3: [ 3.224388789642497E+01, -1.662046103397459E+01, -4.690645464508706E+00] 
  r0_RV4: [-1.036860803762830E+08, -1.097048551347926E+08,  8.148040847457945E+03]   
  v0_RV4: [ 2.115894868015005E+01, -2.056183496280147E+01,  1.289253233919929E-03]   

  rf: [-1.027614395199000E+08, -1.106045305741505E+08, 7.609757003962994E+03] 
  vf: [ 2.133568750922134E+01, -2.039795395973766E+01, 8.383063284247427E-04]

  FB_Legs: [2] # at the end of this/these leg/s there is a FB (First Leg is 1, not 0)

  tfin1: 2.014400878020370e+07   # [s] 3.408052305789995e+07 1.211254019599998e+07
  tfin2: 1.145824960768747e+07
  tfin3: 2.404829939069235e+07
  tfin4: 3.906830685321832e+07
  Max_ToF: 9.471886463180184e+07

  r_min: 7000. # [km]
  DVtot_max: -1.                              # [km/s]  
  DVtot_single_max: 0.13                       
  
  #questi sono valori sigma^2 
  sigma2_r0:     0.e-7   
  sigma2_v0:     0.e-8   
  sigma2_rf:     5.e-7     
  sigma2_vf:     5.e-8   
  sigma2_rRV:    5.e-8    
  sigma2_vRV:    5.e-7
  Qd_level: 0 # 0: null, 1: small (1e-6, 1e-7), 2: medium (5e-6, 5e-7), 3: large (1e-5, 1e-6), 4: extra large (1e-4, 1e-5), 5: extra extra large (1e-3, 1e-4)